¦¦¦¦¦¦¦¦¦¦¦¦¦¦¦¦¦¦¦0
¦0¦000000000000000¦1
¦0¦0¦0¦¦¦0¦¦¦0¦¦¦0¦2
¦0¦0¦0¦00000¦00000¦3
¦0¦0¦000¦¦¦0¦0¦¦¦0¦4
¦00000¦000¦0¦00000¦5
¦¦¦0¦¦¦0¦0¦0¦0¦¦¦0¦6
¦0000000¦00000¦000¦7
¦¦¦0¦0¦0¦¦¦0¦0¦0¦¦¦8
¦000¦0¦00000000000¦9
¦0¦¦¦0¦0¦0¦0¦¦¦¦¦0¦10
¦0000000¦00000¦000¦11
¦0¦¦¦¦¦¦¦0¦¦¦¦¦0¦¦¦12
¦00000000000000000¦13
¦¦¦¦¦¦¦¦¦¦¦¦¦¦¦¦¦¦¦14
0123456789012345678

1
1
2
2
0
2
3
//
1
2
1
2
1
1
3
//
2
0
0
0
2
2
0
1
3
//
2
2
2
1
1
0
2
2
1
2
3
0
2
1
1
1
0
1
3
0
3
1
1
1
3
1
3
1
1
1
2
1
1
2
2
1
0
1
3
2
2
3
2
2
3
2
2
1
2
3
0
2
2
1
1
3
0
0
2
2
3
2
2
1
1
3
0
0
3
1
1
1
0
0
2
2
1
0
